camera_matrix = 958.2 0 684.537 0 971.154 271.107 0 0 1
dist_coeffs = 0.09794 0.123926 -0.0290586 0.0201742 -0.292879
