camera_matrix = 700.5 0 209.892 0 696.466 136.34 0 0 1
dist_coeffs = 0.0105655 -0.888147 -0.02357 -0.0334663 2.93917
transform_matrix = 0.994198 -0.0166134 -0.106276 10.295 -0.0228247 -0.998085 -0.057498 11.5218 -0.105117 0.0595901 -0.992673 126.567 0 0 0 1
