camera_matrix = 712.307 0 286.455 0 713.018 249.648 0 0 1
dist_coeffs = -0.0722441 0.859371 -0.0108595 -0.00638211 -3.64069
transform_matrix = 0.997648 0.027729 -0.0626921 -3.07869 0.00590164 -0.945883 -0.324453 27.4737 -0.0682962 0.32332 -0.943822 126.07 0 0 0 1
