camera_matrix = 697.979 0 306.871 0 702.434 271.787 0 0 1
dist_coeffs = -0.00294862 0.00644478 0.0099166 -0.00154377 -1.24441
