camera_matrix = 701.767 0 327.149 0 701.402 240.172 0 0 1
dist_coeffs = -0.0338743 -0.0200735 -0.00265193 0.00522982 -0.501792
